862,13.01,13.07,12.045,12.5,799379,SRG,2020-08-12
863,14.4,14.87,12.47,12.68,1872988,SRG,2020-08-11
864,11.6,14.4744,11.6,13.7,3868802,SRG,2020-08-10
865,12.11,12.22,11.04,11.18,2408011,SRG,2020-08-07
866,9.68,10.99,9.68,10.28,1445829,SRG,2020-08-06
867,9.91,9.96,9.39,9.7,724804,SRG,2020-08-05
868,9.23,9.69,9.23,9.53,642187,SRG,2020-08-04
869,9.31,9.35,8.76,9.24,833343,SRG,2020-08-03
870,9.79,9.83,9.18,9.31,850301,SRG,2020-07-31
871,9.8,10.07,9.67,9.82,493585,SRG,2020-07-30
872,9.85,10.12,9.46,10.1,604241,SRG,2020-07-29
873,9.39,9.98,9.2401,9.8,986680,SRG,2020-07-28
874,9.6,9.61,8.69,9.45,1069155,SRG,2020-07-27
875,9.8,9.9263,9.5599,9.63,541283,SRG,2020-07-24
876,9.8,10.085,9.73,9.86,497479,SRG,2020-07-23
877,9.85,10.03,9.66,9.9,556800,SRG,2020-07-22
878,9.88,10.26,9.8,9.97,641800,SRG,2020-07-21
879,10.18,10.37,9.55,9.66,750,SRG,2020-07-20
880,10.24,10.37,9.98,10.15,898000,SRG,2020-07-17
881,10.33,10.62,9.91,10.19,753700,SRG,2020-07-16
882,10.54,11.15,10.16,10.76,1468600,SRG,2020-07-15
883,10.05,10.17,9.67,9.85,764500,SRG,2020-07-14
884,10.36,10.72,9.82,10.08,790600,SRG,2020-07-13
885,9.75,10.29,9.51,10.19,730800,SRG,2020-07-10
886,10.6,10.65,9.55,9.85,1373400,SRG,2020-07-09
887,10.44,10.76,10.05,10.62,992500,SRG,2020-07-08
888,10.8,10.91,10.43,10.44,651,SRG,2020-07-07
889,11.7,11.7,10.8,11.04,1192000,SRG,2020-07-06
890,12.04,12.44,11.13,11.36,966229,SRG,2020-07-02
891,11.26,12.4,11.26,11.55,838414,SRG,2020-07-01
892,11.56,11.98,11.18,11.4,694809,SRG,2020-06-30
893,11.16,12.01,10.5,11.68,1044262,SRG,2020-06-29
894,10.81,10.99,10.43,10.9,1094913,SRG,2020-06-26
895,10.32,11.94,10.12,11.09,1297217,SRG,2020-06-25
896,11.68,11.94,10.3503,10.79,1849260,SRG,2020-06-24
897,11.94,12.27,11.6634,12.23,882518,SRG,2020-06-23
898,11.91,11.92,11.06,11.66,1118469,SRG,2020-06-22
899,13.41,13.51,11.87,11.94,3688560,SRG,2020-06-19
900,12.91,13.529,12.41,13.19,1412910,SRG,2020-06-18
901,14.5,14.58,13.34,13.34,1374897,SRG,2020-06-17
902,15.22,16.18,14.46,14.57,1826004,SRG,2020-06-16
903,12.68,14.21,12.44,13.84,1811386,SRG,2020-06-15
904,15.05,15.35,12.98,13.91,2252609,SRG,2020-06-12
905,12.82,14.338,12.45,12.5,1964338,SRG,2020-06-11
906,16.65,16.75,13.9,15.36,2555278,SRG,2020-06-10
907,19.28,20.82,16.1,16.38,3491359,SRG,2020-06-09
908,18.26,24.06,17.27,21.24,8936709,SRG,2020-06-08
909,13.52,16.2,13.52,15.52,5065,SRG,2020-06-05
910,10.57,12.86,9.96,12.29,3887124,SRG,2020-06-04
911,8.83,10.17,8.83,10.04,1836168,SRG,2020-06-03
912,8.45,8.905,8.31,8.56,663029,SRG,2020-06-02
913,7.9,8.665,7.79,8.29,1315854,SRG,2020-06-01
914,8.25,8.36,7.67,7.87,1044175,SRG,2020-05-29
915,9.9,9.93,8.555,8.61,1431724,SRG,2020-05-28
916,8.5,9.33,8.2201,9.29,1428224,SRG,2020-05-27
917,8.17,8.49,7.8799,8.08,1300704,SRG,2020-05-26
918,7.99,7.99,7.53,7.81,709706,SRG,2020-05-22
919,7.8,8.38,7.72,7.84,1018077,SRG,2020-05-21
920,7.29,7.95,7.21,7.63,1647369,SRG,2020-05-20
921,7.46,7.55,6.96,7.14,1064340,SRG,2020-05-19
922,7.36,7.69,7.05,7.51,1450105,SRG,2020-05-18
923,6.67,7.08,6.3,6.92,1723941,SRG,2020-05-15
924,6.5,6.9399,6.03,6.79,1540605,SRG,2020-05-14
925,7.56,7.7,6.61,6.67,2075172,SRG,2020-05-13
926,8.41,8.59,7.66,7.67,1159916,SRG,2020-05-12
927,7.93,8.44,7.31,8.14,2057493,SRG,2020-05-11
928,8.45,9.42,7.62,8.16,3151351,SRG,2020-05-08
929,8.0,8.49,7.83,8.09,991145,SRG,2020-05-07
930,8.54,8.84,7.68,7.91,1866668,SRG,2020-05-06
931,8.97,9.49,8.26,8.34,1650664,SRG,2020-05-05
932,8.6,8.95,7.925,8.61,1821528,SRG,2020-05-04
933,10.08,10.29,9.0,9.01,1085211,SRG,2020-05-01
934,11.03,11.05,10.42,10.58,1055212,SRG,2020-04-30
935,11.59,11.74,10.6398,11.59,1626881,SRG,2020-04-29
936,10.17,10.9,9.81,10.54,1343708,SRG,2020-04-28
937,9.0,9.98,8.9702,9.54,1414865,SRG,2020-04-27
938,8.6,8.99,8.25,8.82,1188032,SRG,2020-04-24
939,8.36,9.03,8.25,8.57,1118879,SRG,2020-04-23
940,9.32,9.49,8.27,8.28,1357795,SRG,2020-04-22
941,8.01,9.16,7.765,9.08,2300484,SRG,2020-04-21
942,9.27,9.709,8.31,8.32,2534550,SRG,2020-04-20
943,9.6,11.23,9.25,9.95,2003050,SRG,2020-04-17
944,9.7,9.8326,8.1,8.73,1804791,SRG,2020-04-16
945,10.5,10.61,9.6,9.8,1853979,SRG,2020-04-15
946,12.36,12.64,10.83,11.18,1095190,SRG,2020-04-14
947,12.66,13.81,10.4206,11.38,1660459,SRG,2020-04-13
948,9.9,16.19,9.872,11.67,7731479,SRG,2020-04-09
949,8.5,9.95,8.4,9.47,2148894,SRG,2020-04-08
950,8.3,9.77,7.825,8.22,1550590,SRG,2020-04-07
951,8.54,8.725,8.32,8.46,681992,TEN,2020-08-26
952,8.74,8.83,8.43,8.62,853199,TEN,2020-08-25
953,8.5,8.78,8.2,8.69,909521,TEN,2020-08-24
954,8.43,8.61,8.25,8.36,834662,TEN,2020-08-21
955,8.76,8.98,8.55,8.61,991948,TEN,2020-08-20
956,9.2,9.3509,8.92,9.09,546974,TEN,2020-08-19
957,9.43,9.56,9.02,9.17,1062271,TEN,2020-08-18
958,10.1,10.24,9.16,9.45,1568681,TEN,2020-08-17
959,9.34,10.3138,9.34,10.07,1426139,TEN,2020-08-14
960,9.3,9.63,9.25,9.43,1039030,TEN,2020-08-13
961,9.17,9.5,9.1,9.42,1315495,TEN,2020-08-12
962,9.51,9.89,9.02,9.07,2080464,TEN,2020-08-11
963,8.5,9.42,8.43,9.34,3865607,TEN,2020-08-10
964,7.25,8.19,7.12,8.17,1813715,TEN,2020-08-07
965,8.17,8.21,7.0,7.4,3677834,TEN,2020-08-06
966,8.1,8.78,8.09,8.61,1468677,TEN,2020-08-05
967,7.75,7.99,7.73,7.95,771203,TEN,2020-08-04
968,7.5,7.89,7.32,7.76,881163,TEN,2020-08-03
969,7.37,7.49,7.05,7.41,929677,TEN,2020-07-31
970,7.68,7.79,7.33,7.46,977889,TEN,2020-07-30
971,7.75,8.0399,7.75,7.97,718255,TEN,2020-07-29
972,7.88,8.03,7.6,7.67,780805,TEN,2020-07-28
973,7.5,7.89,7.36,7.84,612641,TEN,2020-07-27
974,7.62,7.875,7.5181,7.55,438523,TEN,2020-07-24
975,7.82,7.89,7.56,7.76,644023,TEN,2020-07-23
976,7.5,7.99,7.46,7.81,805900,TEN,2020-07-22
977,7.72,7.98,7.54,7.64,708800,TEN,2020-07-21
978,7.61,7.8,7.4,7.6,508700,TEN,2020-07-20
979,7.94,8.22,7.65,7.76,974,TEN,2020-07-17
980,7.47,7.93,7.25,7.91,850000,TEN,2020-07-16
981,7.77,8.24,7.22,7.66,1506,TEN,2020-07-15
982,6.9,7.46,6.6,7.4,1162400,TEN,2020-07-14
983,6.98,7.15,6.72,6.8,1046,TEN,2020-07-13
984,6.53,7.02,6.4,6.86,1043900,TEN,2020-07-10
985,7.06,7.19,6.51,6.6,934800,TEN,2020-07-09
986,7.1,7.17,6.74,7.07,894000,TEN,2020-07-08
987,7.39,7.52,7.11,7.17,1169300,TEN,2020-07-07
988,7.67,7.95,7.34,7.54,1216800,TEN,2020-07-06
989,7.61,7.83,7.31,7.35,925471,TEN,2020-07-02
990,7.5,7.86,7.33,7.41,1316011,TEN,2020-07-01
991,7.39,7.7,7.26,7.56,1035777,TEN,2020-06-30
992,7.06,7.69,6.85,7.53,1162247,TEN,2020-06-29
993,7.26,7.26,6.8,6.93,1294526,TEN,2020-06-26
994,7.26,7.36,7.01,7.33,991929,TEN,2020-06-25
995,7.83,7.87,7.0903,7.32,1466642,TEN,2020-06-24
996,8.2,8.26,7.84,8.09,829664,TEN,2020-06-23
997,7.9,8.02,7.5172,7.95,929229,TEN,2020-06-22
998,8.11,8.23,7.62,7.83,1609410,TEN,2020-06-19
999,7.71,8.12,7.6,7.94,1302598,TEN,2020-06-18
1000,8.45,8.47,7.94,8.01,1387516,TEN,2020-06-17
1001,9.05,9.24,8.17,8.43,2407215,TEN,2020-06-16
1002,7.52,8.2397,7.36,8.05,1997519,TEN,2020-06-15
1003,8.11,8.64,7.69,8.18,2034071,TEN,2020-06-12
1004,7.7,8.2999,7.22,7.37,3071710,TEN,2020-06-11
1005,10.21,10.32,8.44,8.98,3032855,TEN,2020-06-10
1006,11.59,11.72,10.1111,10.15,3450483,TEN,2020-06-09
1007,10.56,12.69,10.5,12.56,4545697,TEN,2020-06-08
1008,9.87,10.58,9.555,10.23,3414043,TEN,2020-06-05
1009,8.35,9.18,8.32,9.08,2251362,TEN,2020-06-04
1010,8.08,8.57,7.9933,8.3,1916243,TEN,2020-06-03
1011,7.5,7.93,7.36,7.75,1782722,TEN,2020-06-02
1012,6.81,7.44,6.57,7.32,1892791,TEN,2020-06-01
1013,6.5,6.92,6.41,6.76,1831888,TEN,2020-05-29
1014,7.2,7.35,6.6,6.69,1504302,TEN,2020-05-28
1015,6.72,7.2,6.62,7.13,2287961,TEN,2020-05-27
1016,5.86,6.6,5.85,6.31,2164430,TEN,2020-05-26
1017,5.46,5.52,5.17,5.51,1256214,TEN,2020-05-22
1018,5.13,5.57,5.05,5.36,1660399,TEN,2020-05-21
1019,5.15,5.4196,5.0757,5.23,1380754,TEN,2020-05-20
1020,5.06,5.19,4.9,4.93,1540881,TEN,2020-05-19
1021,4.9,5.21,4.85,5.17,2438186,TEN,2020-05-18
1022,4.39,4.57,4.34,4.48,735328,TEN,2020-05-15
1023,4.33,4.6,4.1032,4.49,1650102,TEN,2020-05-14
1024,4.97,4.9799,4.5,4.6,1555251,TEN,2020-05-13
1025,5.37,5.6,4.91,5.0,2274759,TEN,2020-05-12
1026,5.17,5.655,5.05,5.25,2517728,TEN,2020-05-11
1027,4.95,5.54,4.67,5.33,3488234,TEN,2020-05-08
1028,4.51,4.705,4.44,4.53,1307741,TEN,2020-05-07
1029,4.73,4.77,4.33,4.46,1169755,TEN,2020-05-06
1030,4.43,4.93,4.43,4.52,1911348,TEN,2020-05-05
1031,4.72,4.72,4.2,4.28,2402960,TEN,2020-05-04
1032,4.92,5.08,4.67,4.9,1430518,TEN,2020-05-01
1033,5.11,5.3549,4.8,5.19,2373458,TEN,2020-04-30
1034,4.95,5.51,4.95,5.17,2393459,TEN,2020-04-29
1035,5.05,5.83,4.77,4.83,4244057,TEN,2020-04-28
1036,3.84,4.79,3.76,4.72,2941948,TEN,2020-04-27
1037,3.95,4.035,3.675,3.83,1424529,TEN,2020-04-24
1038,3.7,4.05,3.65,3.86,1581653,TEN,2020-04-23
1039,3.79,3.83,3.54,3.69,1938784,TEN,2020-04-22
1040,3.56,3.79,3.51,3.64,1267842,TEN,2020-04-21
1041,3.7,3.93,3.6,3.69,1628290,TEN,2020-04-20
1042,3.85,4.19,3.7375,3.8,2508,TEN,2020-04-17
1043,3.79,3.92,3.51,3.61,1788118,TEN,2020-04-16
1044,3.64,3.84,3.51,3.77,1658554,TEN,2020-04-15
1045,4.0,4.27,3.75,3.9,2167447,TEN,2020-04-14
1046,4.29,4.34,3.71,3.82,2139300,TEN,2020-04-13
1047,3.74,4.5,3.67,4.25,3956886,TEN,2020-04-09
1048,3.08,3.6825,2.94,3.55,3057893,TEN,2020-04-08
1049,3.44,3.5,2.85,2.91,4915969,TEN,2020-04-07
1050,20.58,20.82,20.37,20.68,783351,TRN,2020-08-26
1051,21.0,21.53,20.6513,20.72,776832,TRN,2020-08-25
1052,20.37,20.78,20.14,20.78,659861,TRN,2020-08-24
1053,20.29,20.5,20.1,20.23,538525,TRN,2020-08-21
1054,20.36,20.63,20.32,20.4,496661,TRN,2020-08-20
1055,20.4,20.9,20.4,20.64,407842,TRN,2020-08-19
1056,20.68,20.785,20.35,20.4,491963,TRN,2020-08-18
1057,21.24,21.25,20.67,20.82,425565,TRN,2020-08-17
1058,20.69,21.18,20.66,21.06,428191,TRN,2020-08-14
1059,20.74,21.09,20.71,20.92,424722,TRN,2020-08-13
1060,21.3,21.3,20.66,20.97,527271,TRN,2020-08-12
1061,21.22,21.52,21.05,21.08,672792,TRN,2020-08-11
1062,20.15,21.11,20.15,20.9,805338,TRN,2020-08-10
1063,19.62,20.04,19.42,20.01,658714,TRN,2020-08-07
1064,19.71,19.93,19.59,19.63,708724,TRN,2020-08-06
1065,19.61,19.84,19.41,19.78,1023654,TRN,2020-08-05
1066,19.47,19.74,19.27,19.36,929360,TRN,2020-08-04
1067,19.6,19.95,19.465,19.6,1044733,TRN,2020-08-03
1068,19.56,19.7,19.01,19.53,984879,TRN,2020-07-31
1069,20.06,20.29,19.52,19.68,963710,TRN,2020-07-30
1070,19.77,20.66,19.76,20.49,1607154,TRN,2020-07-29
1071,19.28,20.125,19.28,19.75,1399029,TRN,2020-07-28
1072,19.34,19.61,19.01,19.46,1306686,TRN,2020-07-27
1073,19.63,20.17,19.265,19.34,1433632,TRN,2020-07-24
1074,19.42,20.0,19.01,19.64,3000331,TRN,2020-07-23
1075,21.14,21.4,21.01,21.33,779500,TRN,2020-07-22
1076,21.4,21.74,21.14,21.27,915,TRN,2020-07-21
1077,21.37,21.54,21.05,21.14,460400,TRN,2020-07-20
1078,21.9,22.12,21.48,21.48,597800,TRN,2020-07-17
1079,21.73,22.03,21.6,21.94,695900,TRN,2020-07-16
1080,21.79,22.07,21.62,21.86,963900,TRN,2020-07-15
1081,20.62,21.25,20.2,21.22,829,TRN,2020-07-14
1082,20.61,20.99,20.15,20.76,913200,TRN,2020-07-13
1083,20.25,20.53,19.99,20.42,1347700,TRN,2020-07-10
1084,20.48,20.59,19.68,19.73,621300,TRN,2020-07-09
1085,20.51,20.83,20.28,20.51,838000,TRN,2020-07-08
1086,21.25,21.38,20.5,20.57,817400,TRN,2020-07-07
1087,21.36,21.55,21.03,21.53,782800,TRN,2020-07-06
1088,20.89,21.37,20.695,20.89,753773,TRN,2020-07-02
1089,21.51,21.58,20.63,20.67,771676,TRN,2020-07-01
1090,20.9,21.44,20.69,21.29,719171,TRN,2020-06-30
1091,20.96,21.35,20.83,21.05,1083460,TRN,2020-06-29
1092,21.11,21.4,20.44,20.66,1519470,TRN,2020-06-26
1093,20.52,21.31,20.41,21.28,684738,TRN,2020-06-25
1094,21.67,21.8,20.7,20.72,1260020,TRN,2020-06-24
1095,22.57,22.64,21.97,22.01,1050141,TRN,2020-06-23
1096,21.79,22.285,21.55,22.17,604171,TRN,2020-06-22
1097,22.52,22.67,21.85,21.88,1761138,TRN,2020-06-19
1098,22.16,22.74,22.06,22.31,857995,TRN,2020-06-18
1099,22.67,22.72,22.18,22.43,992127,TRN,2020-06-17
1100,23.15,23.47,22.575,22.67,1313561,TRN,2020-06-16
1101,21.14,22.39,20.8825,22.19,943305,TRN,2020-06-15
1102,21.95,22.0,21.12,21.93,1029796,TRN,2020-06-12
1103,21.52,21.675,20.96,21.1,1216546,TRN,2020-06-11
1104,22.88,23.34,22.32,22.56,1149886,TRN,2020-06-10
1105,23.5,23.66,22.98,23.08,1403296,TRN,2020-06-09
1106,22.81,23.95,22.81,23.93,1377716,TRN,2020-06-08
1107,23.0,23.84,22.5,22.57,1113048,TRN,2020-06-05
1108,21.47,22.49,21.29,22.43,1474957,TRN,2020-06-04
1109,21.15,21.85,21.0,21.73,879079,TRN,2020-06-03
1110,20.3,20.91,20.14,20.84,991443,TRN,2020-06-02
1111,20.17,20.31,19.8,19.99,855484,TRN,2020-06-01
1112,20.05,20.12,19.75,19.97,1257982,TRN,2020-05-29
1113,21.25,21.45,20.28,20.35,879785,TRN,2020-05-28
1114,21.02,21.31,20.52,21.23,1314401,TRN,2020-05-27
1115,20.78,20.87,20.35,20.6,1388371,TRN,2020-05-26
1116,19.99,20.15,19.65,19.88,722150,TRN,2020-05-22
1117,19.78,20.2,19.75,20.01,734404,TRN,2020-05-21
1118,19.87,20.03,19.69,19.85,943327,TRN,2020-05-20
1119,19.45,20.19,19.44,19.44,1262036,TRN,2020-05-19
1120,19.06,19.84,19.06,19.63,1317509,TRN,2020-05-18
1121,17.65,18.62,17.56,18.19,1176228,TRN,2020-05-15
1122,17.69,17.95,17.13,17.92,2025659,TRN,2020-05-14
1123,18.76,18.76,17.91,18.16,1827298,TRN,2020-05-13
1124,19.28,19.535,18.81,18.89,1972468,TRN,2020-05-12
1125,18.78,19.33,18.5,19.21,755174,TRN,2020-05-11
1126,18.3,19.02,18.15,19.0,737821,TRN,2020-05-08
1127,18.58,18.81,17.8,17.96,1267401,TRN,2020-05-07
1128,18.65,18.81,18.06,18.36,1796194,TRN,2020-05-06
1129,19.57,19.57,18.43,18.46,2418690,TRN,2020-05-05
1130,18.4,18.52,17.59,18.18,2864337,TRN,2020-05-04
1131,18.89,18.97,18.13,18.72,3923095,TRN,2020-05-01
1132,17.55,19.66,17.05,19.29,3162717,TRN,2020-04-30
1133,18.0,18.46,17.89,18.05,1173664,TRN,2020-04-29
1134,17.47,17.75,17.1,17.47,969560,TRN,2020-04-28
1135,16.75,17.42,16.675,17.24,687435,TRN,2020-04-27
1136,16.5,16.64,16.12,16.55,547068,TRN,2020-04-24
1137,15.84,16.44,15.5502,16.24,694824,TRN,2020-04-23
1138,16.3,16.415,15.55,15.7,541506,TRN,2020-04-22
1139,15.32,16.0,15.32,15.84,835101,TRN,2020-04-21
1140,15.76,15.99,15.58,15.74,892622,TRN,2020-04-20
1141,16.26,16.65,15.75,16.17,1068580,TRN,2020-04-17
1142,15.74,15.88,15.35,15.75,845773,TRN,2020-04-16
1143,16.3,16.43,15.6,15.81,1197688,TRN,2020-04-15
1144,17.48,17.92,16.9,17.13,2702391,TRN,2020-04-14
1145,17.16,17.26,16.52,17.2,1595428,TRN,2020-04-13
1146,18.04,18.66,17.06,17.39,1227170,TRN,2020-04-09
1147,17.0,17.8,16.69,17.58,813728,TRN,2020-04-08
1148,16.64,17.25,16.44,16.69,1264711,TRN,2020-04-07
