1,156.77,156.915,155.03,155.74,527938,AMP,2020-08-26
2,159.48,159.88,156.86,156.99,535905,AMP,2020-08-25
3,155.38,157.75,155.33,157.72,758272,AMP,2020-08-24
4,155.24,156.79,153.92,154.51,653496,AMP,2020-08-21
5,155.24,157.39,154.27,155.14,516138,AMP,2020-08-20
6,156.65,160.06,156.57,156.85,577637,AMP,2020-08-19
7,158.05,158.35,156.34,156.5,544429,AMP,2020-08-18
8,159.69,159.82,157.76,157.83,437624,AMP,2020-08-17
9,158.38,160.98,157.82,159.66,472786,AMP,2020-08-14
10,159.67,161.25,158.78,159.0,536073,AMP,2020-08-13
11,165.38,165.47,159.18,161.08,473923,AMP,2020-08-12
12,164.0,165.73,162.32,162.55,739432,AMP,2020-08-11
13,160.0,162.2,160.0,160.83,497386,AMP,2020-08-10
14,153.89,159.93,153.67,159.84,620385,AMP,2020-08-07
15,155.06,156.79,154.31,155.85,508646,AMP,2020-08-06
16,155.34,157.24,155.19,156.17,634719,AMP,2020-08-05
17,154.05,154.85,151.67,153.42,765469,AMP,2020-08-04
18,154.42,156.44,152.53,155.69,583817,AMP,2020-08-03
19,152.42,154.42,151.07,153.63,692869,AMP,2020-07-31
20,153.32,153.32,148.785,152.04,955543,AMP,2020-07-30
21,153.7,157.05,152.03,156.91,866550,AMP,2020-07-29
22,154.7,156.24,154.03,154.05,692474,AMP,2020-07-28
23,154.56,156.87,152.2,156.34,565901,AMP,2020-07-27
24,156.0,157.71,155.11,155.26,624216,AMP,2020-07-24
25,157.23,159.65,156.44,156.81,617058,AMP,2020-07-23
26,156.59,160.14,156.59,157.96,749000,AMP,2020-07-22
27,154.85,158.71,154.83,157.33,670700,AMP,2020-07-21
28,152.04,154.76,151.12,154.38,735200,AMP,2020-07-20
29,153.8,154.1,152.0,153.37,636000,AMP,2020-07-17
30,152.63,155.11,151.23,152.89,531700,AMP,2020-07-16
31,153.65,154.61,150.53,154.1,638600,AMP,2020-07-15
32,147.54,150.21,146.38,149.8,551900,AMP,2020-07-14
33,150.22,151.59,147.76,147.99,748200,AMP,2020-07-13
34,143.7,148.91,143.56,148.58,762,AMP,2020-07-10
35,148.39,148.65,142.37,143.29,627900,AMP,2020-07-09
36,145.67,148.99,145.67,148.41,796900,AMP,2020-07-08
37,148.64,149.18,145.88,146.13,848600,AMP,2020-07-07
38,150.18,151.98,149.2,150.2,701800,AMP,2020-07-06
39,150.09,151.11,145.16,145.45,679901,AMP,2020-07-02
40,150.44,151.7158,145.58,145.83,797685,AMP,2020-07-01
41,147.22,151.295,147.22,150.04,1116579,AMP,2020-06-30
42,149.42,149.7,146.89,148.36,980969,AMP,2020-06-29
43,148.69,149.6,143.92,147.03,2317819,AMP,2020-06-26
44,145.69,152.72,144.96,151.55,1434580,AMP,2020-06-25
45,146.62,146.67,140.785,142.96,1241028,AMP,2020-06-24
46,151.58,152.39,148.16,148.61,1215204,AMP,2020-06-23
47,148.75,151.28,147.16,148.28,1355115,AMP,2020-06-22
48,153.87,153.97,146.76,148.35,2098139,AMP,2020-06-19
49,148.69,153.705,147.91,150.53,1377207,AMP,2020-06-18
50,153.98,154.01,149.06,149.69,1418346,AMP,2020-06-17
51,158.04,158.04,150.18,153.51,1210389,AMP,2020-06-16
52,141.92,152.9,141.51,150.18,1745694,AMP,2020-06-15
53,146.83,148.56,141.75,146.64,1216973,AMP,2020-06-12
54,144.99,149.12,138.7,139.09,1137576,AMP,2020-06-11
55,158.29,159.92,153.64,154.05,1118406,AMP,2020-06-10
56,157.28,161.66,155.78,159.59,1361328,AMP,2020-06-09
57,158.31,162.75,157.6101,162.7,1129165,AMP,2020-06-08
58,163.8,164.71,154.6878,155.57,1400275,AMP,2020-06-05
59,149.65,154.85,149.02,153.12,955236,AMP,2020-06-04
60,151.0,154.85,150.0,151.48,800948,AMP,2020-06-03
61,145.94,147.89,144.43,146.4,855681,AMP,2020-06-02
62,141.01,144.88,140.12,143.94,701359,AMP,2020-06-01
63,140.74,142.94,137.88,140.07,1674449,AMP,2020-05-29
64,147.63,148.26,143.07,143.64,901834,AMP,2020-05-28
65,147.18,148.5657,143.68,146.22,966263,AMP,2020-05-27
66,138.63,142.83,138.04,140.04,1073464,AMP,2020-05-26
67,131.99,133.12,129.41,132.46,730472,AMP,2020-05-22
68,131.47,134.38,131.2,132.12,731745,AMP,2020-05-21
69,132.35,133.995,130.42,131.63,895825,AMP,2020-05-20
70,129.07,132.33,127.71,128.54,918626,AMP,2020-05-19
71,126.05,132.95,126.05,131.93,1121429,AMP,2020-05-18
72,121.13,125.37,119.4,121.98,2371138,AMP,2020-05-15
73,115.0,122.64,112.32,122.6,1356858,AMP,2020-05-14
74,120.58,121.85,115.05,117.37,1155095,AMP,2020-05-13
75,124.88,126.305,121.14,121.15,946175,AMP,2020-05-12
76,123.33,125.21,121.38,123.87,719969,AMP,2020-05-11
77,124.46,127.25,122.49,125.61,872711,AMP,2020-05-08
78,117.88,130.63,115.42,121.73,2110797,AMP,2020-05-07
79,113.69,113.69,106.78,107.28,951787,AMP,2020-05-06
80,113.39,115.01,110.3,110.73,835938,AMP,2020-05-05
81,109.52,113.13,108.03,113.06,834290,AMP,2020-05-04
82,111.24,112.24,109.01,111.26,644446,AMP,2020-05-01
83,114.93,116.58,113.02,114.94,810802,AMP,2020-04-30
84,119.13,119.43,116.04,118.02,933812,AMP,2020-04-29
85,116.95,118.28,112.31,113.48,3984,AMP,2020-04-28
86,108.87,113.01,108.285,112.45,771276,AMP,2020-04-27
87,105.77,108.4,103.74,107.48,730824,AMP,2020-04-24
88,105.59,107.77,103.69,104.35,504966,AMP,2020-04-23
89,106.56,107.546,104.2,104.91,626493,AMP,2020-04-22
90,106.0,107.59,102.0,103.45,1239091,AMP,2020-04-21
91,107.27,110.3862,105.61,110.11,1097525,AMP,2020-04-20
92,107.04,111.62,106.82,110.95,1077248,AMP,2020-04-17
93,103.6,104.3435,0.11,101.69,861163,AMP,2020-04-16
94,108.74,109.68,103.705,104.15,728672,AMP,2020-04-15
95,118.37,118.47,111.725,114.3,1049181,AMP,2020-04-14
96,116.88,117.84,113.11,114.92,827085,AMP,2020-04-13
97,113.64,124.61,113.64,120.47,1608575,AMP,2020-04-09
98,104.48,112.48,102.28,111.69,996230,AMP,2020-04-08
99,109.17,112.23,102.41,103.48,1302910,AMP,2020-04-07
100,42.25,42.25,41.73,41.82,639964,G,2020-08-26
101,41.98,42.15,41.76,42.12,501219,G,2020-08-25
102,41.52,42.015,41.45,41.9,479076,G,2020-08-24
103,41.27,41.46,40.99,41.16,752730,G,2020-08-21
104,41.74,41.965,41.25,41.3,596435,G,2020-08-20
105,42.14,42.21,41.87,41.94,422493,G,2020-08-19
106,41.7,41.915,41.25,41.79,716566,G,2020-08-18
107,42.17,42.17,41.7,41.75,1163847,G,2020-08-17
108,41.78,42.08,41.59,41.83,423978,G,2020-08-14
109,41.76,42.36,41.72,41.95,574960,G,2020-08-13
110,41.75,42.18,41.65,42.03,937386,G,2020-08-12
111,42.03,42.15,41.39,41.5,1162962,G,2020-08-11
112,41.6,42.32,41.4,41.86,1739846,G,2020-08-10
113,41.77,42.4,40.04,41.38,2872903,G,2020-08-07
114,41.0,41.81,40.745,41.76,2139729,G,2020-08-06
115,41.0,41.23,40.27,41.1,1388,G,2020-08-05
116,40.49,40.98,40.35,40.77,1113122,G,2020-08-04
117,40.0,40.61,39.7,40.55,719981,G,2020-08-03
118,39.77,39.94,39.15,39.82,595189,G,2020-07-31
119,39.31,39.885,38.795,39.81,697328,G,2020-07-30
120,39.39,40.19,39.37,39.76,640125,G,2020-07-29
121,39.69,39.94,39.04,39.17,567833,G,2020-07-28
122,39.15,39.86,38.915,39.83,767178,G,2020-07-27
123,38.66,39.15,38.38,39.09,957450,G,2020-07-24
124,39.1,39.6,38.61,38.67,1814296,G,2020-07-23
125,38.51,39.24,38.51,39.2,542400,G,2020-07-22
126,38.7,39.0,38.44,38.61,958500,G,2020-07-21
127,38.28,38.63,38.14,38.49,775000,G,2020-07-20
128,37.95,38.54,37.65,38.38,1366700,G,2020-07-17
129,36.14,37.99,36.06,37.74,1313700,G,2020-07-16
130,35.51,36.48,35.51,36.31,870000,G,2020-07-15
131,35.09,35.22,34.52,34.93,661300,G,2020-07-14
132,35.79,36.08,35.13,35.15,821800,G,2020-07-13
133,35.02,35.59,34.74,35.59,783900,G,2020-07-10
134,35.51,35.79,34.66,35.07,521,G,2020-07-09
135,35.6,36.09,35.26,35.63,474,G,2020-07-08
136,36.15,36.41,35.54,35.58,544600,G,2020-07-07
137,37.15,37.15,36.3,36.39,449800,G,2020-07-06
138,37.08,37.4,36.51,36.56,557168,G,2020-07-02
139,36.49,36.94,36.21,36.71,1045340,G,2020-07-01
140,36.1,36.68,35.95,36.52,1033851,G,2020-06-30
141,36.38,36.39,35.59,36.11,976634,G,2020-06-29
142,36.32,36.34,35.29,36.15,3995423,G,2020-06-26
143,35.19,36.35,35.17,36.29,1673241,G,2020-06-25
144,35.87,35.92,34.8,35.24,1198262,G,2020-06-24
145,35.76,36.53,35.66,36.26,1428651,G,2020-06-23
146,35.14,35.66,34.53,35.44,1496923,G,2020-06-22
147,36.41,36.54,35.15,35.17,1769248,G,2020-06-19
148,35.54,35.9,35.34,35.76,727742,G,2020-06-18
149,36.25,36.33,35.65,35.8,980334,G,2020-06-17
150,36.64,37.0,35.85,36.2,623095,G,2020-06-16
151,34.59,35.7844,34.47,35.63,1020522,G,2020-06-15
152,35.35,35.9,34.72,35.8,1327434,G,2020-06-12
153,34.89,35.26,34.13,34.21,1217387,G,2020-06-11
154,36.72,36.84,36.01,36.3,1229183,G,2020-06-10
155,37.74,37.89,36.85,36.95,721227,G,2020-06-09
156,37.96,38.29,37.76,38.27,896079,G,2020-06-08
157,37.99,38.42,37.58,37.69,1234083,G,2020-06-05
158,36.97,37.32,36.86,37.05,736662,G,2020-06-04
159,37.0,37.72,36.91,37.28,921608,G,2020-06-03
160,36.58,37.075,36.513,36.94,871447,G,2020-06-02
161,35.99,36.815,35.8,36.44,1041501,G,2020-06-01
162,36.15,36.2,35.27,35.95,1015986,G,2020-05-29
163,36.81,36.81,35.9,36.11,1361198,G,2020-05-28
164,36.36,37.04,35.86,36.7,1834638,G,2020-05-27
165,35.08,35.65,34.63,35.33,1402921,G,2020-05-26
166,34.09,34.14,33.45,33.84,990028,G,2020-05-22
167,34.3,34.43,33.9,34.09,1364104,G,2020-05-21
168,34.56,34.81,34.145,34.23,689990,G,2020-05-20
169,34.86,34.97,33.73,33.73,4846,G,2020-05-19
170,33.74,35.13,33.59,34.98,1873177,G,2020-05-18
171,32.57,32.82,31.96,32.71,1563064,G,2020-05-15
172,32.45,33.12,31.85,32.91,1968505,G,2020-05-14
173,33.97,34.12,32.5625,33.06,3104639,G,2020-05-13
174,37.14,37.5,34.21,34.21,3144461,G,2020-05-12
175,35.3,35.33,34.79,34.88,1496580,G,2020-05-11
176,35.54,36.06,35.15,35.66,736441,G,2020-05-08
177,35.02,35.4,34.53,35.16,1024303,G,2020-05-07
178,34.6,34.92,33.97,34.38,966738,G,2020-05-06
179,34.75,35.17,34.31,34.34,965736,G,2020-05-05
180,32.9,34.57,32.69,34.41,1428998,G,2020-05-04
181,33.59,34.08,33.19,34.04,860343,G,2020-05-01
182,35.16,35.2,34.43,34.43,1726419,G,2020-04-30
183,35.08,36.03,34.9,35.65,1713682,G,2020-04-29
184,34.6,35.0,34.145,34.43,1706063,G,2020-04-28
185,33.31,34.16,33.31,34.08,1143373,G,2020-04-27
186,32.07,33.13,31.63,33.04,1791226,G,2020-04-24
187,31.17,32.6,31.15,32.05,1628727,G,2020-04-23
188,30.98,31.235,30.48,30.91,1033435,G,2020-04-22
189,29.73,30.61,29.425,30.37,2537080,G,2020-04-21
190,30.25,31.15,30.03,30.47,926952,G,2020-04-20
191,29.91,31.14,29.91,30.86,1536195,G,2020-04-17
192,29.9,29.95,29.13,29.4,1069586,G,2020-04-16
193,30.0,30.3,29.56,29.74,1389972,G,2020-04-15
194,30.8,31.255,30.15,31.15,1428834,G,2020-04-14
195,30.01,30.19,28.81,29.55,882439,G,2020-04-13
196,29.48,31.31,29.48,30.22,1158570,G,2020-04-09
197,28.22,29.38,27.755,29.18,1612,G,2020-04-08
198,28.76,29.84,27.57,27.68,2178517,G,2020-04-07
199,61.49,62.77,61.29,61.6,586047,BC,2020-08-26
200,63.38,63.6,60.65,61.69,1240221,BC,2020-08-25
201,63.06,64.02,62.64,63.22,533676,BC,2020-08-24
202,62.62,63.37,61.86,62.37,908977,BC,2020-08-21
203,63.83,64.36,62.92,62.97,494039,BC,2020-08-20
204,64.79,65.34,64.405,64.7,716429,BC,2020-08-19
205,65.46,65.84,64.71,64.85,642311,BC,2020-08-18
206,64.93,66.09,64.364,65.84,640074,BC,2020-08-17
207,64.37,65.38,64.0,64.68,473000,BC,2020-08-14
208,63.26,65.69,63.0,64.81,781548,BC,2020-08-13
209,64.66,64.66,63.08,63.4,789666,BC,2020-08-12
210,65.05,65.425,63.43,63.9,1399012,BC,2020-08-11
211,64.37,65.93,63.669,64.19,911578,BC,2020-08-10
212,64.73,65.55,62.42,63.86,1260430,BC,2020-08-07
213,68.35,68.6,64.64,64.89,2457,BC,2020-08-06
214,68.28,69.37,67.785,68.55,522147,BC,2020-08-05
215,69.0,69.595,67.33,68.41,820127,BC,2020-08-04
216,67.43,70.03,66.88,69.4,1093651,BC,2020-08-03
217,69.4,69.48,65.71,66.98,1448358,BC,2020-07-31
218,71.31,73.99,68.65,69.17,2357749,BC,2020-07-30
219,71.02,72.47,70.8716,72.37,1221080,BC,2020-07-29
220,70.0,71.12,69.23,69.3,824340,BC,2020-07-28
221,67.22,70.16,66.79,70.08,757510,BC,2020-07-27
222,67.14,67.295,66.01,67.07,600414,BC,2020-07-24
223,69.42,71.27,66.38,67.43,1557008,BC,2020-07-23
224,66.42,68.35,66.42,68.06,650800,BC,2020-07-22
225,67.05,67.95,66.45,66.87,806700,BC,2020-07-21
226,66.5,67.05,65.1,66.24,612500,BC,2020-07-20
227,67.33,67.5,66.02,66.44,424700,BC,2020-07-17
228,67.02,67.4,66.12,66.83,364300,BC,2020-07-16
229,67.86,68.37,66.89,67.46,779800,BC,2020-07-15
230,63.47,65.99,61.82,65.89,677300,BC,2020-07-14
231,65.0,66.03,63.45,63.78,786,BC,2020-07-13
232,62.6,64.82,62.2,64.27,618600,BC,2020-07-10
233,64.48,64.99,62.27,62.65,533500,BC,2020-07-09
234,64.05,64.76,63.57,64.71,603800,BC,2020-07-08
235,65.35,65.63,64.09,64.09,569500,BC,2020-07-07
236,66.9,66.98,65.27,65.81,720600,BC,2020-07-06
237,65.61,66.48,63.89,64.81,670305,BC,2020-07-02
238,64.21,65.18,63.61,64.52,830401,BC,2020-07-01
239,62.87,64.69,62.679,64.01,807434,BC,2020-06-30
240,62.32,64.68,60.8,63.4,987718,BC,2020-06-29
241,63.25,63.93,62.06,62.36,1477006,BC,2020-06-26
242,61.84,64.02,61.54,63.97,1186285,BC,2020-06-25
243,63.0,63.19,60.47,62.14,1184179,BC,2020-06-24
244,63.77,64.48,62.73,63.66,1325224,BC,2020-06-23
245,60.25,63.0,59.2,62.91,929832,BC,2020-06-22
246,61.01,61.4,59.475,60.08,1617334,BC,2020-06-19
247,60.07,60.95,59.82,59.98,959585,BC,2020-06-18
248,60.87,61.93,59.88,60.89,1305548,BC,2020-06-17
249,60.91,61.31,58.89,60.35,810850,BC,2020-06-16
250,54.89,58.04,53.73,58.03,729384,BC,2020-06-15
251,57.48,58.61,54.66,56.99,804496,BC,2020-06-12
252,56.46,57.04,54.7,54.99,1079328,BC,2020-06-11
253,62.66,62.68,59.0,59.58,1081603,BC,2020-06-10
254,61.75,63.4,59.7,62.63,1059981,BC,2020-06-09
255,63.01,64.91,62.33,63.25,990346,BC,2020-06-08
256,66.53,67.39,61.09,61.56,1093030,BC,2020-06-05
257,61.64,63.605,60.25,63.52,1026983,BC,2020-06-04
258,58.82,62.2,58.765,61.97,1391288,BC,2020-06-03
259,57.98,58.745,57.46,57.52,631161,BC,2020-06-02
260,55.35,57.47,54.7784,56.93,633560,BC,2020-06-01
261,57.12,57.255,54.27,55.01,1128339,BC,2020-05-29
262,59.53,59.53,57.0,57.41,996734,BC,2020-05-28
263,59.36,59.515,56.88,58.28,1293496,BC,2020-05-27
264,56.38,57.505,54.94,57.08,1571840,BC,2020-05-26
265,53.51,53.89,52.56,53.19,680972,BC,2020-05-22
266,53.76,54.8586,53.29,53.58,987752,BC,2020-05-21
267,53.5,54.9086,52.62,53.76,665694,BC,2020-05-20
268,53.02,55.18,52.57,53.1,952504,BC,2020-05-19
269,53.63,54.99,52.39,53.68,1638364,BC,2020-05-18
270,45.49,51.22,44.955,50.58,2379741,BC,2020-05-15
271,43.7,45.98,42.78,45.96,1432314,BC,2020-05-14
272,46.35,46.77,44.16,45.16,938767,BC,2020-05-13
273,50.36,50.89,46.73,46.73,775408,BC,2020-05-12
274,49.02,50.64,47.07,50.14,1152368,BC,2020-05-11
275,47.15,50.375,46.32,50.04,1281574,BC,2020-05-08
276,46.06,46.96,45.22,45.68,596570,BC,2020-05-07
277,46.14,46.22,44.92,45.1,651155,BC,2020-05-06
278,45.3,47.105,45.0,45.59,881492,BC,2020-05-05
279,43.78,45.81,42.84,44.09,801903,BC,2020-05-04
280,46.47,46.4849,43.09,44.16,950197,BC,2020-05-01
281,48.75,49.28,47.1,47.72,1343491,BC,2020-04-30
282,47.92,50.29,47.48,48.72,1370834,BC,2020-04-29
283,47.37,48.12,45.19,46.38,839920,BC,2020-04-28
284,43.77,46.48,43.42,46.06,1045889,BC,2020-04-27
285,43.32,44.51,41.19,43.23,1418497,BC,2020-04-24
286,38.65,43.47,37.92,42.18,3076477,BC,2020-04-23
287,37.26,38.29,36.54,37.96,628146,BC,2020-04-22
