575,22.9202,22.985,22.92,22.985,1095,FCA,2020-05-05
576,22.6374,22.815,22.5902,22.815,951,FCA,2020-05-04
577,22.3857,22.4251,22.3857,22.4251,1898,FCA,2020-05-01
578,23.89,23.89,23.2301,23.2909,6590,FCA,2020-04-30
579,23.9652,24.05,23.9652,23.9768,1320,FCA,2020-04-29
580,23.2744,23.2744,23.2744,23.2744,113,FCA,2020-04-28
581,23.08,23.2744,23.08,23.2391,12018,FCA,2020-04-27
582,22.72,22.88,22.72,22.88,365,FCA,2020-04-24
583,22.864,22.864,22.864,22.864,201,FCA,2020-04-23
584,23.0,23.0,22.75,22.865,2804,FCA,2020-04-22
585,22.425,22.52,22.39,22.39,4983,FCA,2020-04-21
586,23.19,23.19,23.05,23.05,293,FCA,2020-04-20
587,23.04,23.2699,23.01,23.1957,865,FCA,2020-04-17
588,22.7386,22.7386,22.56,22.65,15965,FCA,2020-04-16
589,22.86,22.86,22.61,22.763,751,FCA,2020-04-15
590,23.59,23.59,23.4733,23.4914,575,FCA,2020-04-14
591,22.843,23.17,22.7175,23.17,3567,FCA,2020-04-13
592,23.16,23.4,22.938,22.938,9179,FCA,2020-04-09
593,22.4348,22.6423,22.4348,22.6423,1284,FCA,2020-04-08
594,23.16,23.16,22.42,22.54,15978,FCA,2020-04-07
595,51.99,52.105,51.61,51.71,5895925,MS,2020-08-26
596,52.81,52.89,51.85,52.05,8385089,MS,2020-08-25
597,51.31,52.47,51.16,52.37,7665492,MS,2020-08-24
598,50.59,51.42,50.5,51.1,6227095,MS,2020-08-21
599,50.73,51.07,50.495,50.8,5083220,MS,2020-08-20
600,51.19,52.03,51.14,51.37,5930322,MS,2020-08-19
601,51.17,51.37,50.65,50.92,6441222,MS,2020-08-18
602,52.2,52.3,51.09,51.28,7276644,MS,2020-08-17
603,51.68,52.545,51.65,52.3,5712814,MS,2020-08-14
604,51.93,52.46,51.71,52.18,5696269,MS,2020-08-13
605,52.63,53.42,51.91,52.38,8910238,MS,2020-08-12
606,51.64,52.87,51.565,51.78,11680923,MS,2020-08-11
607,50.5,50.83,50.26,50.58,6518312,MS,2020-08-10
608,49.21,50.47,49.08,50.35,6225854,MS,2020-08-07
609,49.83,49.98,49.24,49.45,5701120,MS,2020-08-06
610,49.59,49.96,49.44,49.77,6701327,MS,2020-08-05
611,49.5,49.77,49.08,49.26,6351292,MS,2020-08-04
612,49.22,49.905,48.72,49.46,9913058,MS,2020-08-03
613,49.02,49.03,48.27,48.88,9664610,MS,2020-07-31
614,49.36,49.36,48.55,48.95,9493,MS,2020-07-30
615,50.27,50.66,49.88,50.59,8074269,MS,2020-07-29
616,50.83,51.22,50.21,50.26,7287935,MS,2020-07-28
617,49.91,51.57,49.73,51.32,12087057,MS,2020-07-27
618,50.56,50.8,50.07,50.18,6860824,MS,2020-07-24
619,50.99,51.25,50.31,50.56,13526984,MS,2020-07-23
620,52.0,52.35,50.99,51.0,13598900,MS,2020-07-22
621,52.1,52.45,51.52,52.38,11951200,MS,2020-07-21
622,51.76,52.07,51.35,51.86,10404400,MS,2020-07-20
623,52.78,53.01,51.98,52.41,16263,MS,2020-07-17
624,51.58,53.51,51.34,52.64,26014500,MS,2020-07-16
625,52.49,52.49,50.46,51.35,17358500,MS,2020-07-15
626,50.27,50.58,48.91,50.5,16055200,MS,2020-07-14
627,51.03,51.03,49.88,50.22,14893,MS,2020-07-13
628,47.59,49.88,47.52,49.8,13369000,MS,2020-07-10
629,48.8,49.05,47.02,47.51,9116600,MS,2020-07-09
630,47.63,48.99,47.28,48.91,12319,MS,2020-07-08
631,48.52,48.55,47.39,47.49,8741400,MS,2020-07-07
632,48.87,49.37,48.7,48.82,10645800,MS,2020-07-06
633,48.86,49.03,47.68,47.79,7488198,MS,2020-07-02
634,48.41,49.08,47.245,47.61,11365823,MS,2020-07-01
635,47.06,48.53,47.06,48.3,11894259,MS,2020-06-30
636,47.57,47.8,46.645,47.24,9374253,MS,2020-06-29
637,48.3,48.37,46.605,47.05,20080160,MS,2020-06-26
638,46.71,48.86,46.54,48.79,14977600,MS,2020-06-25
639,47.59,47.65,46.415,46.95,12798173,MS,2020-06-24
640,48.27,48.48,47.61,47.89,9670265,MS,2020-06-23
641,46.8,47.61,46.55,47.38,11649737,MS,2020-06-22
642,48.46,48.68,46.71,46.93,20962697,MS,2020-06-19
643,47.12,48.375,46.97,47.58,9823824,MS,2020-06-18
644,48.7,48.78,47.655,47.76,8673293,MS,2020-06-17
645,49.44,49.6,46.91,48.56,13551484,MS,2020-06-16
646,44.66,47.85,44.6,47.4,14758183,MS,2020-06-15
647,46.76,46.945,45.12,46.28,14089089,MS,2020-06-12
648,46.13,47.2,44.44,44.57,17960318,MS,2020-06-11
649,50.03,50.5,48.605,48.69,14735174,MS,2020-06-10
650,48.72,50.685,48.57,50.4,15081117,MS,2020-06-09
651,50.52,50.68,49.38,50.15,12144366,MS,2020-06-08
652,51.3,51.85,49.235,49.53,17972113,MS,2020-06-05
653,46.71,48.75,46.69,48.69,15276413,MS,2020-06-04
654,46.98,47.49,46.44,46.91,11250755,MS,2020-06-03
655,45.18,46.26,44.88,45.58,11177644,MS,2020-06-02
656,44.52,45.07,43.95,44.7,8649422,MS,2020-06-01
657,44.01,44.79,43.52,44.2,13101865,MS,2020-05-29
658,47.25,47.32,44.275,44.4,17615927,MS,2020-05-28
659,45.78,46.92,45.31,46.86,25883914,MS,2020-05-27
660,41.865,43.785,41.55,43.69,19700600,MS,2020-05-26
661,40.23,40.54,39.8,40.13,6468358,MS,2020-05-22
662,40.77,40.93,39.84,40.3,9653392,MS,2020-05-21
663,40.07,41.25,40.0386,41.06,12031562,MS,2020-05-20
664,40.1,40.5476,39.29,39.33,8894986,MS,2020-05-19
665,38.92,40.65,38.68,40.28,14722398,MS,2020-05-18
666,37.26,37.81,37.02,37.29,9174816,MS,2020-05-15
667,36.26,37.965,35.53,37.81,14977303,MS,2020-05-14
668,38.15,38.28,36.605,36.99,11563163,MS,2020-05-13
669,39.97,40.07,38.345,38.42,13603215,MS,2020-05-12
670,39.38,40.06,39.3,39.83,10518,MS,2020-05-11
671,39.51,40.165,39.2,40.08,12096407,MS,2020-05-08
672,37.76,39.14,37.76,38.81,9348930,MS,2020-05-07
673,38.47,38.63,37.05,37.3,7816025,MS,2020-05-06
674,38.98,39.305,37.9,37.98,8946306,MS,2020-05-05
675,38.0,38.22,37.17,38.09,13979799,MS,2020-05-04
676,38.35,38.72,37.91,38.4,12804507,MS,2020-05-01
677,39.9,40.11,39.0,39.43,13419260,MS,2020-04-30
678,41.1,41.355,40.55,40.79,15872303,MS,2020-04-29
679,40.57,41.38,39.84,40.13,12770689,MS,2020-04-28
680,38.64,39.55,38.33,39.31,11615997,MS,2020-04-27
681,37.97,38.19,37.26,37.97,8567353,MS,2020-04-24
682,38.1,38.39,37.28,37.47,8692317,MS,2020-04-23
683,37.87,38.18,37.44,37.81,10448857,MS,2020-04-22
684,37.3,38.14,36.56,36.95,14114558,MS,2020-04-21
685,38.19,39.54,37.82,38.36,16570356,MS,2020-04-20
686,39.55,40.1,38.19,39.09,25067809,MS,2020-04-17
687,37.86,38.82,37.07,38.36,27865751,MS,2020-04-16
688,38.21,39.41,37.59,38.4,15561953,MS,2020-04-15
689,40.51,40.77,38.37,39.86,14467935,MS,2020-04-14
690,40.88,41.0,39.25,39.58,13367060,MS,2020-04-13
691,40.26,41.85,40.18,41.08,21902200,MS,2020-04-09
692,37.71,39.785,37.45,39.37,15370043,MS,2020-04-08
693,39.66,39.66,36.86,36.94,19532764,MS,2020-04-07
694,15.25,15.34,15.22,15.235,5967,PST,2020-08-26
695,15.27,15.27,15.22,15.22,7479,PST,2020-08-25
696,15.0901,15.165,15.0901,15.165,15114,PST,2020-08-24
697,15.1206,15.165,15.105,15.11,27061,PST,2020-08-21
698,15.13,15.145,15.13,15.145,11284,PST,2020-08-20
699,15.15,15.23,15.15,15.23,15742,PST,2020-08-19
700,15.21,15.21,15.17,15.185,3132,PST,2020-08-18
701,15.24,15.245,15.215,15.2251,4976,PST,2020-08-17
702,15.2799,15.3,15.255,15.3,17625,PST,2020-08-14
703,15.26,15.33,15.251,15.305,29264,PST,2020-08-13
704,15.25,15.29,15.215,15.249,23080,PST,2020-08-12
705,15.16,15.2241,15.145,15.145,31487,PST,2020-08-11
706,14.99,15.055,14.98,15.055,842,PST,2020-08-10
707,15.04,15.04,15.02,15.0326,1992,PST,2020-08-07
708,14.92,14.9714,14.92,14.9714,726,PST,2020-08-06
709,14.97,15.015,14.97,15.0,19312,PST,2020-08-05
710,14.96,14.96,14.91,14.92,7774,PST,2020-08-04
711,15.0214,15.05,15.005,15.0057,7669,PST,2020-08-03
712,15.04,15.04,14.97,14.985,9073,PST,2020-07-31
713,15.0,15.0199,15.0,15.005,2183,PST,2020-07-30
714,15.07,15.1,15.0453,15.0453,16314,PST,2020-07-29
715,15.12,15.12,15.07,15.09,2511,PST,2020-07-28
716,15.09,15.18,15.09,15.161,3381,PST,2020-07-27
717,15.11,15.12,15.1,15.1,3684,PST,2020-07-24
718,15.08,15.12,15.08,15.11,17086,PST,2020-07-23
719,15.12,15.14,15.11,15.14,2500,PST,2020-07-22
720,15.14,15.14,15.14,15.14,2,PST,2020-07-21
721,15.15,15.18,15.15,15.18,5500,PST,2020-07-20
722,15.18,15.2,15.16,15.19,13700,PST,2020-07-17
723,15.16,15.19,15.16,15.19,2400,PST,2020-07-16
724,15.24,15.24,15.19,15.22,2200,PST,2020-07-15
725,15.15,15.2,15.15,15.2,11,PST,2020-07-14
726,15.28,15.28,15.19,15.2,3500,PST,2020-07-13
727,15.15,15.25,15.15,15.25,5500,PST,2020-07-10
728,15.22,15.27,15.16,15.17,13600,PST,2020-07-09
729,15.28,15.31,15.23,15.28,2600,PST,2020-07-08
730,15.3,15.33,15.22,15.22,31,PST,2020-07-07
731,15.35,15.38,15.31,15.33,4500,PST,2020-07-06
732,15.301,15.3813,15.28,15.28,7288,PST,2020-07-02
733,15.34,15.374,15.2738,15.32,10895,PST,2020-07-01
734,15.21,15.29,15.2,15.27,9008,PST,2020-06-30
735,15.26,15.26,15.22,15.22,14223,PST,2020-06-29
736,15.28,15.28,15.235,15.2502,7306,PST,2020-06-26
737,15.31,15.34,15.31,15.339,9745,PST,2020-06-25
738,15.43,15.43,15.33,15.33,3725,PST,2020-06-24
739,15.555,15.555,15.47,15.49,6407,PST,2020-06-16
740,15.34,15.44,15.34,15.44,4771,PST,2020-06-15
741,15.39,15.43,15.35,15.4152,7859,PST,2020-06-12
742,15.33,15.3584,15.301,15.34,18137,PST,2020-06-11
743,15.63,15.63,15.46,15.46,45412,PST,2020-06-10
744,15.687,15.7076,15.6473,15.7,24568,PST,2020-06-09
745,15.86,15.87,15.79,15.81,8956,PST,2020-06-08
746,15.88,15.95,15.845,15.845,153079,PST,2020-06-05
747,15.64,15.7,15.64,15.69,25563,PST,2020-06-04
748,15.52,15.58,15.52,15.565,17836,PST,2020-06-03
749,15.367,15.3907,15.35,15.3832,2023,PST,2020-06-02
750,15.38,15.4,15.3492,15.3492,19169,PST,2020-06-01
751,15.39,15.39,15.315,15.33,39380,PST,2020-05-29
752,15.44,15.4502,15.42,15.4247,4720,PST,2020-05-28
753,15.43,15.43,15.38,15.4022,5395,PST,2020-05-27
754,15.45,15.455,15.419,15.419,10166,PST,2020-05-26
755,15.369,15.37,15.35,15.35,4718,PST,2020-05-22
756,15.39,15.4136,15.39,15.405,585,PST,2020-05-21
757,15.45,15.45,15.41,15.4248,1912,PST,2020-05-20
758,15.48,15.49,15.42,15.42,4992,PST,2020-05-19
759,15.4,15.55,15.4,15.515,8489,PST,2020-05-18
760,15.34,15.35,15.34,15.35,1053,PST,2020-05-15
761,15.31,15.33,15.27,15.3284,8663,PST,2020-05-14
762,15.372,15.38,15.34,15.37,10686,PST,2020-05-13
763,15.52,15.52,15.42,15.43,3371,PST,2020-05-12
764,15.47,15.55,15.4687,15.53,14892,PST,2020-05-11
765,15.42,15.4599,15.35,15.445,5671,PST,2020-05-08
766,15.519,15.519,15.33,15.34,9545,PST,2020-05-07
767,15.57,15.6035,15.52,15.52,23778,PST,2020-05-06
768,15.469,15.469,15.4201,15.4207,7531,PST,2020-05-05
769,15.4219,15.44,15.38,15.4,3924,PST,2020-05-04
770,15.43,15.44,15.4,15.4,2903,PST,2020-05-01
771,15.3368,15.435,15.31,15.43,8708,PST,2020-04-30
772,15.32,15.41,15.3,15.365,4708,PST,2020-04-29
773,15.4125,15.4125,15.35,15.36,14970,PST,2020-04-28
774,15.39,15.49,15.39,15.48,11765,PST,2020-04-27
775,15.351,15.351,15.329,15.329,4632,PST,2020-04-24
776,15.36,15.37,15.3405,15.3405,5619,PST,2020-04-23
777,15.305,15.38,15.305,15.378,3377,PST,2020-04-22
778,15.21,15.284,15.2,15.25,17124,PST,2020-04-21
779,15.38,15.4,15.34,15.36,8636,PST,2020-04-20
780,15.3043,15.44,15.29,15.43,16631,PST,2020-04-17
781,15.33,15.3575,15.3,15.3575,24359,PST,2020-04-16
782,15.45,15.4574,15.37,15.375,49510,PST,2020-04-15
783,15.6337,15.66,15.621,15.6526,3530,PST,2020-04-14
784,15.65,15.6979,15.61,15.6979,16585,PST,2020-04-13
785,15.7,15.7,15.6,15.66,73234,PST,2020-04-09
786,15.7201,15.7219,15.66,15.7219,9115,PST,2020-04-08
787,15.75,15.78,15.66,15.66,63932,PST,2020-04-07
788,15.51,15.55,15.49,15.54,47111,PST,2020-04-06
789,15.38,15.42,15.31,15.42,34956,PST,2020-04-03
790,15.3556,15.4397,15.34,15.4342,13128,PST,2020-04-02
791,15.34,15.48,15.33,15.42,29701,PST,2020-04-01
792,15.54,15.555,15.46,15.51,8808,PST,2020-03-31
793,14.43,14.86,14.43,14.69,112562,SRS,2020-08-26
794,14.42,14.7,14.35,14.44,120452,SRS,2020-08-25
795,14.65,15.0,14.48,14.49,229740,SRS,2020-08-24
796,14.78,15.02,14.59,14.72,98285,SRS,2020-08-21
797,15.17,15.25,14.58,14.76,125340,SRS,2020-08-20
798,14.51,15.08,14.51,15.04,183329,SRS,2020-08-19
799,14.38,14.69,14.38,14.54,309303,SRS,2020-08-18
800,14.6,14.73,14.4,14.41,139731,SRS,2020-08-17
801,14.67,14.73,14.37,14.63,160690,SRS,2020-08-14
802,14.29,14.69,14.16,14.63,179551,SRS,2020-08-13
803,14.36,14.48,14.28,14.31,200926,SRS,2020-08-12
804,13.93,14.65,13.86,14.6,213857,SRS,2020-08-11
805,14.2,14.3,14.01,14.19,146549,SRS,2020-08-10
806,14.67,14.74,14.23,14.24,194030,SRS,2020-08-07
807,14.72,14.79,14.54,14.63,127308,SRS,2020-08-06
808,14.33,14.76,14.32,14.62,176152,SRS,2020-08-05
809,14.97,14.97,14.43,14.52,240509,SRS,2020-08-04
810,14.5,15.01,14.5,14.905,190636,SRS,2020-08-03
811,14.47,14.955,14.47,14.53,192120,SRS,2020-07-31
812,14.71,14.86,14.48,14.48,228798,SRS,2020-07-30
813,14.82,14.82,14.3,14.3,215713,SRS,2020-07-29
814,15.64,15.65,14.83,15.0,458342,SRS,2020-07-28
815,15.85,16.27,15.55,15.57,314171,SRS,2020-07-27
816,15.9,15.945,15.62,15.92,205134,SRS,2020-07-24
817,15.58,16.05,15.43,15.7,686300,SRS,2020-07-23
818,16.13,16.23,15.53,15.53,418000,SRS,2020-07-22
819,15.84,16.1,15.7,16.04,479200,SRS,2020-07-21
820,15.72,16.21,15.65,16.1,303200,SRS,2020-07-20
821,16.1,16.21,15.61,15.75,317400,SRS,2020-07-17
822,16.02,16.26,15.88,16.17,338300,SRS,2020-07-16
823,15.67,16.03,15.52,15.81,487800,SRS,2020-07-15
824,16.48,16.53,16.07,16.14,585600,SRS,2020-07-14
825,15.8,16.48,15.75,16.41,684000,SRS,2020-07-13
826,16.24,16.24,15.86,15.98,356900,SRS,2020-07-10
827,15.96,16.59,15.9,16.12,382400,SRS,2020-07-09
828,15.87,16.2,15.71,15.92,264600,SRS,2020-07-08
829,15.61,15.92,15.3,15.88,249800,SRS,2020-07-07
830,14.79,15.35,14.7,15.29,151500,SRS,2020-07-06
831,14.82,15.4316,14.6708,15.34,307609,SRS,2020-07-02
832,15.93,15.93,15.1,15.22,357900,SRS,2020-07-01
833,16.37,16.41,15.78,15.93,247895,SRS,2020-06-30
834,16.73,17.09,16.3,16.32,479301,SRS,2020-06-29
835,16.45,16.98,16.29,16.96,478504,SRS,2020-06-26
836,16.97,17.0599,16.29,16.3,301863,SRS,2020-06-25
837,16.2,17.42,16.15,16.73,759776,SRS,2020-06-24
838,15.47,15.92,15.3724,15.82,207401,SRS,2020-06-23
839,15.75,16.24,15.68,15.73,354718,SRS,2020-06-22
840,14.89,15.86,14.81,15.7,538379,SRS,2020-06-19
841,15.38,15.45,15.14,15.3,293710,SRS,2020-06-18
842,14.42,15.0,14.42,14.98,288789,SRS,2020-06-17
843,14.19,15.1,14.05,14.59,707316,SRS,2020-06-16
844,16.44,16.53,15.025,15.2,623199,SRS,2020-06-15
845,15.78,16.51,15.45,15.53,733628,SRS,2020-06-12
846,16.24,16.81,15.77,16.78,674189,SRS,2020-06-11
847,14.25,15.1,14.25,14.9,417723,SRS,2020-06-10
848,14.05,14.53,14.03,14.18,472228,SRS,2020-06-09
849,14.08,14.14,13.74,13.747,209482,SRS,2020-06-08
850,16.06,16.06,15.215,15.345,274300,SRS,2020-06-03
851,16.37,16.655,16.23,16.37,159407,SRS,2020-06-02
852,13.1,13.71,12.695,12.88,729520,SRG,2020-08-26
853,13.35,13.85,12.96,13.34,555851,SRG,2020-08-25
854,12.28,13.3,12.11,13.28,1038010,SRG,2020-08-24
855,12.34,12.57,12.08,12.21,640883,SRG,2020-08-21
856,12.38,13.2,12.38,12.51,950908,SRG,2020-08-20
857,12.4,13.42,12.22,12.76,866182,SRG,2020-08-19
858,12.46,12.65,12.23,12.4,655074,SRG,2020-08-18
859,12.72,12.86,12.265,12.58,566069,SRG,2020-08-17
860,12.04,13.17,11.93,12.72,783423,SRG,2020-08-14
861,12.39,13.29,12.16,12.23,999120,SRG,2020-08-13
