288,37.0,37.46,36.23,37.16,603121,BC,2020-04-21
289,37.78,38.87,36.85,37.88,836361,BC,2020-04-20
290,37.49,39.085,36.78,38.86,858365,BC,2020-04-17
291,35.53,35.82,34.09,35.71,674379,BC,2020-04-16
292,35.86,36.33,34.41,35.52,667646,BC,2020-04-15
293,36.35,38.46,35.91,37.97,4686,BC,2020-04-14
294,37.9,38.01,34.72,35.35,636927,BC,2020-04-13
295,35.23,39.48,34.5043,38.24,1826535,BC,2020-04-09
296,30.65,35.3449,30.07,34.37,1118447,BC,2020-04-08
297,31.51,33.0,30.11,30.29,1532130,BC,2020-04-07
298,282.61,283.61,281.57,283.43,2540987,DIA,2020-08-26
299,284.23,284.23,281.02,282.62,3257833,DIA,2020-08-25
300,281.72,283.25,280.47,283.18,2592718,DIA,2020-08-24
301,277.04,279.61,276.86,279.29,2593452,DIA,2020-08-21
302,276.04,278.34,275.87,277.87,2047870,DIA,2020-08-20
303,278.68,279.74,276.97,277.43,3351266,DIA,2020-08-19
304,279.1,279.37,277.11,278.2,1665304,DIA,2020-08-18
305,280.14,280.25,278.5,278.95,2421337,DIA,2020-08-17
306,278.23,280.1599,277.9,279.8,2238537,DIA,2020-08-14
307,279.13,280.22,278.2262,279.42,1654893,DIA,2020-08-13
308,279.84,280.74,278.72,280.04,2635728,DIA,2020-08-12
309,280.9,281.78,276.47,277.19,4510693,DIA,2020-08-11
310,275.5099,278.28,275.48,278.14,2313886,DIA,2020-08-10
311,273.2299,274.82,272.475,274.62,2311296,DIA,2020-08-07
312,271.63,274.03,271.57,273.9,1948108,DIA,2020-08-06
313,269.99,272.27,269.9,272.0,2133451,DIA,2020-08-05
314,266.29,268.42,266.03,268.41,1909762,DIA,2020-08-04
315,265.67,267.15,265.35,266.72,2570812,DIA,2020-08-03
316,263.76,264.49,260.18,264.35,3317252,DIA,2020-07-31
317,262.48,263.82,259.941,263.28,3055612,DIA,2020-07-30
318,264.19,266.07,263.8,265.5,1917868,DIA,2020-07-29
319,264.92,265.61,263.63,263.93,1989345,DIA,2020-07-28
320,264.77,266.31,264.35,265.95,2637853,DIA,2020-07-27
321,265.15,266.3399,264.05,264.69,2637694,DIA,2020-07-24
322,269.64,269.78,265.62,266.69,2838003,DIA,2020-07-23
323,267.82,270.35,267.77,269.98,2023900,DIA,2020-07-22
324,268.82,270.27,267.65,268.34,3167500,DIA,2020-07-21
325,266.39,267.64,265.03,266.82,4007800,DIA,2020-07-20
326,267.95,268.07,266.17,266.74,3411500,DIA,2020-07-17
327,267.16,268.93,266.02,267.47,2464600,DIA,2020-07-16
328,270.47,270.54,267.05,268.91,5178200,DIA,2020-07-15
329,260.54,267.05,260.1,266.59,7530300,DIA,2020-07-14
330,263.06,266.52,260.58,261.04,4825400,DIA,2020-07-13
331,257.2,261.16,256.46,260.82,3099700,DIA,2020-07-10
332,260.88,261.16,255.35,257.29,3970200,DIA,2020-07-09
333,259.64,261.17,258.25,260.72,2815600,DIA,2020-07-08
334,261.1,262.97,258.78,259.16,2810,DIA,2020-07-07
335,262.16,263.09,258.38,263.0,2957500,DIA,2020-07-06
336,261.1499,262.12,257.3704,258.42,3799715,DIA,2020-07-02
337,258.87,260.1637,257.24,257.36,3556923,DIA,2020-07-01
338,255.07,259.05,254.7226,257.87,3638045,DIA,2020-06-30
339,252.18,256.12,250.95,255.91,3713715,DIA,2020-06-29
340,255.65,256.0543,249.7,250.38,5314999,DIA,2020-06-26
341,253.34,257.7125,252.06,257.44,4274984,DIA,2020-06-25
342,259.22,259.52,252.94,254.63,5866506,DIA,2020-06-24
343,262.83,263.15,261.02,261.5,2921108,DIA,2020-06-23
344,257.88,260.58,256.68,260.32,2776212,DIA,2020-06-22
345,264.21,264.46,257.61,258.8,5842397,DIA,2020-06-19
346,260.04,262.26,259.11,261.45,3236692,DIA,2020-06-18
347,264.61,264.7,261.26,261.82,3620357,DIA,2020-06-17
348,267.09,267.14,258.69,263.82,9173573,DIA,2020-06-16
349,250.29,259.6,249.1,258.35,7357182,DIA,2020-06-15
350,258.9913,260.32,251.43,256.74,9810939,DIA,2020-06-12
351,262.14,263.51,251.3801,252.03,14168964,DIA,2020-06-11
352,273.2,274.1799,270.01,270.46,6465045,DIA,2020-06-10
353,273.2701,275.02,272.13,273.38,4619301,DIA,2020-06-09
354,272.9,276.38,272.9,276.28,4634613,DIA,2020-06-08
355,270.4,273.95,269.79,271.54,7857200,DIA,2020-06-05
356,262.37,264.43,261.39,263.33,3912600,DIA,2020-06-04
357,260.35,264.0,259.66,263.17,5170689,DIA,2020-06-03
358,256.55,257.92,255.71,257.85,3025790,DIA,2020-06-02
359,253.78,255.55,252.7,255.27,2054000,DIA,2020-06-01
360,253.27,255.32,250.68,254.29,5080600,DIA,2020-05-29
361,257.87,257.94,253.89,254.35,4956200,DIA,2020-05-28
362,253.73,255.79,250.33,255.77,5230,DIA,2020-05-27
363,250.84,252.02,249.88,250.25,4857,DIA,2020-05-26
364,244.91,245.1,243.17,244.88,2517900,DIA,2020-05-22
365,245.55,247.38,243.88,245.02,3349000,DIA,2020-05-21
366,245.4,246.58,244.73,245.73,3266800,DIA,2020-05-20
367,245.45,246.02,242.07,242.22,4371900,DIA,2020-05-19
368,243.51,247.2,243.36,245.93,5195000,DIA,2020-05-18
369,234.16,237.25,233.41,236.91,4808500,DIA,2020-05-15
370,230.08,236.76,228.3,236.75,6936400,DIA,2020-05-14
371,236.96,237.5,231.02,232.82,7481500,DIA,2020-05-13
372,243.81,244.14,237.94,238.08,6343,DIA,2020-05-12
373,241.68,243.94,241.0,242.56,2722500,DIA,2020-05-11
374,242.27,243.8,241.34,243.62,3894700,DIA,2020-05-08
375,239.24,241.18,238.55,238.91,3369000,DIA,2020-05-07
376,240.34,240.54,236.6,236.86,3040500,DIA,2020-05-06
377,240.02,241.74,238.7,238.8,3123800,DIA,2020-05-05
378,235.21,237.75,233.64,237.42,3830400,DIA,2020-05-04
379,239.58,240.33,236.5,237.28,4720200,DIA,2020-05-01
380,244.2,245.17,241.91,243.22,4841700,DIA,2020-04-30
381,245.48,247.67,244.2,246.45,4925600,DIA,2020-04-29
382,245.01,245.16,240.36,241.09,4674400,DIA,2020-04-28
383,239.12,242.19,238.45,241.32,3617000,DIA,2020-04-27
384,236.61,238.33,234.2,237.83,3568400,DIA,2020-04-24
385,235.51,238.92,234.83,235.07,6335400,DIA,2020-04-23
386,234.4,236.27,233.39,234.77,4307,DIA,2020-04-22
387,231.33,233.34,229.41,230.22,6539800,DIA,2020-04-21
388,238.24,241.11,236.26,236.64,7317,DIA,2020-04-20
389,241.6,242.66,238.25,242.43,5916300,DIA,2020-04-17
390,235.7,236.06,232.18,235.34,5903600,DIA,2020-04-16
391,234.48,236.58,232.39,235.08,6784200,DIA,2020-04-15
392,238.7,240.47,236.88,239.68,5343500,DIA,2020-04-14
393,236.41,236.69,230.96,233.96,6732400,DIA,2020-04-13
394,237.84,240.19,235.11,237.14,9389400,DIA,2020-04-09
395,229.14,235.25,226.84,234.33,6928400,DIA,2020-04-08
396,235.46,236.16,226.45,226.6,10791500,DIA,2020-04-07
397,196.06,199.97,196.0,199.29,215478,RACE,2020-08-26
398,198.27,198.295,195.47,197.31,87606,RACE,2020-08-25
399,197.38,197.38,194.9668,195.43,101619,RACE,2020-08-24
400,191.62,194.62,191.54,193.81,127175,RACE,2020-08-21
401,192.46,195.44,192.1821,195.02,113183,RACE,2020-08-20
402,197.1,197.1,194.43,194.71,152528,RACE,2020-08-19
403,199.0,199.62,196.13,196.3,138943,RACE,2020-08-18
404,195.87,198.55,195.81,197.19,223231,RACE,2020-08-17
405,194.81,195.41,193.2,194.3,227189,RACE,2020-08-14
406,193.71,196.53,193.5,194.32,245532,RACE,2020-08-13
407,191.06,193.83,190.62,192.63,369198,RACE,2020-08-12
408,187.8,189.205,185.32,185.49,229459,RACE,2020-08-11
409,183.88,184.83,182.78,184.25,149861,RACE,2020-08-10
410,186.54,187.28,184.48,185.95,119883,RACE,2020-08-07
411,185.74,187.41,185.14,186.64,126915,RACE,2020-08-06
412,188.0,188.85,186.19,186.73,361747,RACE,2020-08-05
413,182.53,187.0854,182.21,185.51,483293,RACE,2020-08-04
414,181.56,189.26,180.34,186.45,413364,RACE,2020-08-03
415,180.99,181.83,178.05,181.7,270861,RACE,2020-07-31
416,178.28,181.53,178.03,181.02,145370,RACE,2020-07-30
417,180.51,182.4,179.91,182.2,152894,RACE,2020-07-29
418,179.0,180.165,178.44,178.89,95441,RACE,2020-07-28
419,181.33,182.68,179.005,179.93,301869,RACE,2020-07-27
420,179.64,180.41,178.3,179.19,129417,RACE,2020-07-24
421,184.0,185.36,181.76,182.18,243801,RACE,2020-07-23
422,182.68,183.5,181.33,183.03,115500,RACE,2020-07-22
423,182.26,183.05,180.49,180.85,160700,RACE,2020-07-21
424,178.3,181.42,178.01,180.79,155400,RACE,2020-07-20
425,177.24,177.69,175.49,177.56,116200,RACE,2020-07-17
426,177.16,177.98,176.46,177.39,107000,RACE,2020-07-16
427,179.11,180.42,178.2,179.0,148700,RACE,2020-07-15
428,174.27,178.17,174.22,178.1,172600,RACE,2020-07-14
429,179.5,180.35,175.87,176.33,330800,RACE,2020-07-13
430,178.22,179.3,176.59,179.0,149400,RACE,2020-07-10
431,177.2,177.63,174.48,177.56,274200,RACE,2020-07-09
432,175.58,176.6,174.02,175.91,190,RACE,2020-07-08
433,176.44,176.75,173.2,173.51,146600,RACE,2020-07-07
434,175.8,177.22,175.18,176.01,214000,RACE,2020-07-06
435,173.93,174.82,171.98,172.16,142212,RACE,2020-07-02
436,169.66,172.77,168.79,171.94,192560,RACE,2020-07-01
437,168.5,171.95,168.09,171.01,189258,RACE,2020-06-30
438,171.17,171.7668,169.1102,170.98,130904,RACE,2020-06-29
439,172.17,172.425,168.91,169.62,131317,RACE,2020-06-26
440,167.78,170.17,166.33,170.09,147842,RACE,2020-06-25
441,170.6,171.52,167.5,168.69,168002,RACE,2020-06-24
442,174.83,175.61,173.03,173.05,184514,RACE,2020-06-23
443,172.72,172.72,170.59,171.45,173032,RACE,2020-06-22
444,168.27,169.86,167.7501,168.21,183665,RACE,2020-06-19
445,168.37,169.63,167.24,168.58,129238,RACE,2020-06-18
446,168.91,170.84,168.34,169.81,234977,RACE,2020-06-17
447,173.29,173.29,168.59,169.69,242067,RACE,2020-06-16
448,164.74,169.91,164.23,169.7,181057,RACE,2020-06-15
449,170.18,170.51,165.0,167.89,188923,RACE,2020-06-12
450,169.36,170.9801,164.28,165.29,351743,RACE,2020-06-11
451,175.8,176.98,174.54,175.68,210830,RACE,2020-06-10
452,172.04,175.33,171.75,174.51,326904,RACE,2020-06-09
453,171.33,172.95,169.7701,172.6,176695,RACE,2020-06-08
454,173.3,174.22,170.38,170.85,443268,RACE,2020-06-05
455,174.1,176.2,173.95,173.99,319111,RACE,2020-06-04
456,174.14,176.96,173.95,176.19,273942,RACE,2020-06-03
457,169.41,171.37,169.41,171.21,223149,RACE,2020-06-02
458,168.48,170.42,168.45,169.45,241824,RACE,2020-06-01
459,169.99,170.08,167.09,168.71,347179,RACE,2020-05-29
460,164.8,169.39,164.3,166.69,301490,RACE,2020-05-28
461,164.94,164.99,161.12,163.37,335621,RACE,2020-05-27
462,164.08,164.43,162.46,162.78,175488,RACE,2020-05-26
463,159.53,160.8806,158.86,160.48,123979,RACE,2020-05-22
464,160.86,160.87,157.825,158.76,157915,RACE,2020-05-21
465,159.97,160.52,158.02,158.79,282142,RACE,2020-05-20
466,159.77,161.37,158.14,158.25,497049,RACE,2020-05-19
467,161.38,164.3,161.17,162.76,230105,RACE,2020-05-18
468,157.52,158.67,156.09,157.39,154037,RACE,2020-05-15
469,151.2,154.98,150.97,154.81,151786,RACE,2020-05-14
470,158.23,158.34,153.435,154.76,180114,RACE,2020-05-13
471,160.14,160.19,156.88,156.91,152525,RACE,2020-05-12
472,158.71,161.17,158.2,160.05,120658,RACE,2020-05-11
473,158.33,160.6,158.23,159.87,239167,RACE,2020-05-08
474,157.89,157.91,155.46,157.28,101692,RACE,2020-05-07
475,158.33,158.84,155.49,155.7,192092,RACE,2020-05-06
476,155.53,157.515,154.265,156.04,432776,RACE,2020-05-05
477,154.26,159.9199,153.26,158.53,570543,RACE,2020-05-04
478,153.69,153.91,147.08,148.99,512793,RACE,2020-05-01
479,156.37,158.115,154.555,155.62,323174,RACE,2020-04-30
480,159.0,159.94,157.25,157.25,430762,RACE,2020-04-29
481,159.53,159.55,155.86,155.86,326968,RACE,2020-04-28
482,157.56,159.5,157.46,158.5,244619,RACE,2020-04-27
483,158.0,158.0,155.18,156.35,217300,RACE,2020-04-24
484,156.53,159.28,156.28,157.02,163898,RACE,2020-04-23
485,157.29,158.75,156.45,158.02,370285,RACE,2020-04-22
486,158.34,159.02,153.09,153.15,337684,RACE,2020-04-21
487,158.99,159.31,156.63,157.01,215364,RACE,2020-04-20
488,162.89,163.39,160.575,161.34,484676,RACE,2020-04-17
489,154.72,156.2,151.99,154.3,145834,RACE,2020-04-16
490,152.85,153.26,150.0,150.6,271731,RACE,2020-04-15
491,155.56,157.11,154.44,155.76,400400,RACE,2020-04-14
492,157.48,157.6,152.51,153.42,191978,RACE,2020-04-13
493,154.0,158.6,152.84,157.04,331170,RACE,2020-04-09
494,150.69,155.0,150.05,154.01,345573,RACE,2020-04-08
495,150.55,151.42,146.0,146.48,514079,RACE,2020-04-07
496,27.2144,27.333,27.2144,27.3038,292,FCA,2020-08-26
497,27.5,27.6378,27.5,27.6378,677,FCA,2020-08-25
498,27.171,27.32,27.171,27.32,512,FCA,2020-08-24
499,27.096,27.245,27.096,27.245,858,FCA,2020-08-21
500,27.04,27.2216,26.97,27.2216,789,FCA,2020-08-20
501,27.2008,27.2038,27.2008,27.2038,334,FCA,2020-08-19
502,27.56,27.56,27.28,27.3479,2644,FCA,2020-08-18
503,27.4,27.49,27.35,27.49,712,FCA,2020-08-17
504,27.19,27.2,27.1,27.1938,996,FCA,2020-08-14
505,27.06,27.1781,27.02,27.1047,3404,FCA,2020-08-13
506,26.96,27.01,26.9183,26.9183,2916,FCA,2020-08-12
507,27.1,27.31,26.95,26.95,1982,FCA,2020-08-11
508,27.2262,27.2262,27.1997,27.1997,9185,FCA,2020-08-10
509,27.47,27.47,27.13,27.21,3255,FCA,2020-08-07
510,27.6239,27.6239,27.57,27.6238,1289,FCA,2020-08-06
511,27.77,27.77,27.77,27.77,628,FCA,2020-08-05
512,27.1,27.3297,27.1,27.3033,2437,FCA,2020-08-04
513,26.8,27.22,26.8,26.94,4156,FCA,2020-08-03
514,26.38,26.394,26.22,26.394,576,FCA,2020-07-31
515,26.3711,26.49,26.37,26.45,7354,FCA,2020-07-30
516,26.41,26.5345,26.41,26.5345,322,FCA,2020-07-29
517,26.2,26.2,26.07,26.09,702,FCA,2020-07-28
518,25.9164,25.9325,25.91,25.93,781,FCA,2020-07-27
519,26.07,26.2267,26.07,26.15,5733,FCA,2020-07-24
520,26.84,26.84,26.47,26.6,1244,FCA,2020-07-23
521,26.48,26.59,26.42,26.59,470,FCA,2020-07-22
522,26.49,26.71,26.49,26.56,830,FCA,2020-07-21
523,26.14,26.4,26.14,26.36,1200,FCA,2020-07-20
524,25.94,25.99,25.73,25.85,820,FCA,2020-07-17
525,26.63,26.63,26.63,26.63,110,FCA,2020-07-16
526,26.61,26.63,26.61,26.63,200,FCA,2020-07-15
527,26.71,26.83,26.71,26.82,540,FCA,2020-07-14
528,27.26,27.72,27.22,27.22,2300,FCA,2020-07-13
529,27.06,27.07,26.86,26.87,1800,FCA,2020-07-10
530,27.28,27.5,27.07,27.07,2300,FCA,2020-07-09
531,27.32,27.44,27.12,27.38,6600,FCA,2020-07-08
532,26.83,27.07,26.79,27.07,2400,FCA,2020-07-07
533,27.35,27.65,27.35,27.61,3700,FCA,2020-07-06
534,24.2084,25.4145,24.2084,25.3576,2987,FCA,2020-07-02
535,24.209,24.2097,24.192,24.192,561,FCA,2020-07-01
536,23.91,23.91,23.91,23.91,379,FCA,2020-06-30
537,24.49,24.5167,24.35,24.4271,1123,FCA,2020-06-29
538,24.46,24.555,24.46,24.555,538,FCA,2020-06-26
539,24.56,24.57,24.4479,24.57,1206,FCA,2020-06-25
540,25.25,25.25,24.9742,25.0098,3849,FCA,2020-06-24
541,25.411,25.411,25.37,25.3801,546,FCA,2020-06-23
542,25.3,25.41,25.3,25.41,300,FCA,2020-06-22
543,25.17,25.18,25.17,25.18,234,FCA,2020-06-19
544,25.02,25.29,25.02,25.079,2310,FCA,2020-06-18
545,24.74,24.86,24.64,24.84,1961,FCA,2020-06-17
546,24.84,24.8401,24.38,24.59,1856,FCA,2020-06-16
547,24.22,24.43,24.22,24.3383,1781,FCA,2020-06-15
548,24.21,24.5544,24.21,24.5544,1066,FCA,2020-06-12
549,24.5902,24.5902,23.9686,23.9686,13327,FCA,2020-06-11
550,24.89,25.1523,24.8126,25.1523,2956,FCA,2020-06-10
551,24.69,24.86,24.69,24.86,389,FCA,2020-06-09
552,24.9317,25.034,24.91,25.034,470,FCA,2020-06-08
553,24.86,24.89,24.86,24.87,671,FCA,2020-06-05
554,24.74,24.74,24.74,24.74,337,FCA,2020-06-04
555,24.935,24.99,24.9,24.99,1169,FCA,2020-06-03
556,24.24,24.6696,24.24,24.5943,1928,FCA,2020-06-02
557,23.5,23.93,23.44,23.93,2717,FCA,2020-06-01
558,23.03,23.345,22.97,23.345,884,FCA,2020-05-29
559,22.93,22.93,22.8018,22.8018,439,FCA,2020-05-28
560,22.75,22.855,22.75,22.855,244,FCA,2020-05-27
561,23.33,23.355,23.1143,23.1143,2534,FCA,2020-05-26
562,22.84,22.84,22.6,22.7,2949,FCA,2020-05-22
563,23.75,23.75,23.25,23.3184,2174,FCA,2020-05-21
564,23.94,24.1014,23.94,24.0497,1577,FCA,2020-05-20
565,24.2012,24.2012,24.2012,24.2012,144,FCA,2020-05-19
566,23.98,24.295,23.98,24.295,3962,FCA,2020-05-18
567,23.27,23.27,23.27,23.27,98,FCA,2020-05-15
568,23.27,23.5701,23.2294,23.5701,1123,FCA,2020-05-14
569,23.67,23.67,23.24,23.4989,1601,FCA,2020-05-13
570,23.74,23.74,23.47,23.4968,1345,FCA,2020-05-12
571,23.65,23.6718,23.65,23.6718,353,FCA,2020-05-11
572,23.62,23.79,23.62,23.69,2237,FCA,2020-05-08
573,23.28,23.28,23.1497,23.204,1392,FCA,2020-05-07
574,23.01,23.18,23.0062,23.02,1063,FCA,2020-05-06
